41
18
48
270
45
45
0
0
0
0
0
0
0
0
46
50
54
52
55
47
45
48
50
63
60
44
45
64
66
56
52
42
48
44
51
65
56
44
47
77
54
70
69
55
63
45
54
62
55
16
64
61
90
70
87
62
65
72
34
55
85
139
62
31
71
48
66
44
60
49
63
47
38
164
46
36
94
19
13
37
66
73
32
64
63
58
61
70
59
79
80
62
65
43
63
47
71
79
63
121
57
58
47
53
53
61
56
37
71
93
50
70
59
64
64
66
45
60
54
47
34
44
56
33
39
53
53
49
56
51
45
52
43
48
58
43
55
49
62
54
39
41
39
46
47
14
52
53
55
84
73
73
70
88
74
67
47
45
57
41
48
58
56
57
45
50
44
45
32
22
44
45
45
50
39
47
45
71
45
21
74
90
80
45
42
40
22
40
57
229
99
72
59
46
28
74
52
84
67
45
58
47
76
50
54
68
76
51
59
70
54
47
35
56
46
32
18
27
68
78
44
60
74
59
66
69
48
75
72
319
55
60
61
68
73
24
67
54
36
47
61
84
94
60
50
48
83
63
70
62
70
62
48
51
48
45
51
61
43
44
58
49
52
58
62
16
38
30
32
41
46
45
45
42
55
58
49
75
30
29
41
42
43
54
61
47
51
49
57
48
57
52
59
69
48
62
54
70
46
44
69
78
53
68
84
61
56
46
54
53
23
50
40
1
32
30
45
8
0
70
46
45
49
48
47
46
45
47
50
49
52
68
71
70
67
80
65
50
85
178
184
183
183
197
197
179
205
221
194
173
181
202
219
229
210
219
210
241
212
223
224
184
219
216
215
210
202
220
186
177
203
204
237
205
195
235
235
218
223
224
214
233
231
228
240
261
231
227
217
222
218
190
200
210
196
228
189
243
220
204
203
199
187
233
190
198
184
172
120
143
152
181
109
179
150
104
113
224
173
108
173
204
225
202
209
213
203
201
214
201
207
161
204
253
175
231
188
208
170
201
196
207
184
199
200
223
240
247
261
226
247
241
223
237
244
222
229
254
222
247
243
229
241
226
228
259
234
233
246
235
239
224
244
234
234
232
235
223
234
228
221
202
236
246
243
236
236
231
228
242
231
229
254
237
243
238
239
231
224
224
232
232
237
227
223
221
224
266
239
224
241
220
242
239
257
246
233
269
243
238
253
249
235
245
232
235
234
242
239
231
230
240
236
232
242
241
233
240
234
247
251
237
244
232
235
237
230
243
241
235
216
250
251
257
252
254
225
228
252
231
247
230
238
205
236
258
223
238
214
200
222
217
237
233
235
239
242
225
226
241
248
229
225
227
237
234
249
235
233
258
231
245
226
242
232
230
213
224
241
237
236
237
247
231
240
231
235
232
243
245
237
229
219
246
229
236
222
226
227
240
234
232
234
220
229
247
248
233
233
227
242
222
214
237
239
237
224
221
256
232
224
230
217
240
237
235
248
227
221
256
222
208
228
236
242
246
245
237
253
230
237
226
226
222
215
222
241
233
253
232
248
227
200
247
218
230
237
213
208
220
240
238
232
244
252
251
236
259
244
237
234
255
220
237
244
219
261
265
238
258
242
239
249
237
248
233
235
240
234
266
242
229
239
225
236
244
232
232
238
242
222
233
244
215
241
227
255
244
236
250
249
278
238
241
237
243
237
240
240
241
233
247
244
259
243
199
242
228
239
227
240
242
226
232
256
234
243
223
232
235
244
242
246
228
242
238
241
235
234
244
239
229
225
230
237
229
240
221
229
238
239
231
246
231
237
240
254
245
242
229
242
226
261
264
258
238
255
261
242
243
244
235
235
244
236
264
230
254
238
237
243
239
229
249
254
241
240
232
241
227
249
218
235
204
274
241
240
252
226
229
230
248
241
239
246
221
238
249
236
253
254
256
237
237
235
240
246
218
246
235
227
232
240
246
260
245
229
231
231
237
234
233
250
263
245
240
235
245
252
229
238
244
243
252
239
249
257
254
267
248
187
47
328
1
1
1
9
217
235
259
250
255
92
98
70
75
90
90
90
90
90
90
90
90
90
90
90
90
147
221
65
62
66
168
75
164
46
86
344
207
214
242
212
214
261
260
266
234
248
236
214
248
236
260
268
246
232
228
236
249
249
253
251
236
260
245
259
232
238
229
258
249
256
226
227
257
228
217
253
230
260
259
243
236
242
249
256
241
254
233
228
244
254
230
243
219
236
237
235
228
241
211
223
234
231
232
235
228
241
225
218
220
240
233
228
209
221
197
218
223
228
228
246
222
232
228
227
246
222
263
217
238
224
248
201
222
240
208
200
216
214
220
209
219
221
215
222
197
222
225
220
227
225
200
224
235
230
227
242
221
229
227
234
216
220
230
234
230
235
235
239
215
227
239
248
230
232
256
238
235
245
248
231
258
252
233
237
239
234
234
253
246
258
222
259
235
250
245
242
250
240
243
250
247
227
242
259
242
241
244
248
227
247
217
228
237
246
241
243
238
240
226
254
233
258
244
249
255
242
217
266
230
246
250
252
239
241
270
225
249
237
249
240
244
241
250
249
224
251
234
224
222
252
244
250
233
241
236
257
235
244
255
237
251
251
255
236
248
250
239
241
243
246
199
224
249
257
234
248
260
246
265
241
240
252
242
252
242
258
245
238
252
240
250
240
236
230
218
221
232
241
213
228
220
224
212
212
219
235
252
226
204
202
208
210
165
214
181
178
219
191
185
231
211
207
213
216
232
235
218
214
220
206
206
223
213
232
225
226
205
219
237
229
240
229
256
232
222
245
258
229
232
237
229
237
228
246
236
246
235
224
235
244
230
238
232
253
239
238
236
250
240
236
228
244
228
232
239
248
252
247
136
229
254
247
245
254
242
251
234
244
232
245
230
227
220
252
247
236
229
219
251
272
232
236
229
248
237
246
251
244
251
252
237
234
234
241
262
239
252
259
249
221
234
250
257
270
253
258
249
259
278
219
216
262
270
255
237
222
245
252
290
249
263
257
247
225
244
252
216
228
261
217
150
222
98
169
221
201
229
317
155
208
272
76
337
234
153
236
57
238
271
169
186
189
86
118
270
109
216
221
178
235
192
264
234
240
242
251
283
256
240
244
269
257
254
273
261
246
245
268
359
234
235
235
249
241
248
221
247
242
248
236
233
229
262
206
244
253
241
253
237
228
229
236
232
236
234
235
242
258
245
223
232
249
257
251
256
239
234
237
246
245
238
231
242
227
224
239
202
246
239
236
242
239
251
230
229
254
253
243
211
241
232
232
242
237
246
218
228
240
241
254
257
231
236
228
235
227
238
242
235
237
242
234
261
240
229
252
231
222
240
232
231
234
250
234
258
239
230
231
230
221
212
241
236
225
230
222
222
241
226
250
215
238
213
225
230
226
233
220
203
229
224
233
251
218
228
236
229
227
207
225
211
218
226
230
197
226
230
229
231
218
233
226
228
216
203
217
203
197
224
202
209
204
204
215
233
213
232
227
219
216
227
222
207
200
206
202
216
245
216
210
252
239
228
243
243
229
218
226
213
216
237
238
221
219
227
238
222
225
221
239
230
218
206
226
208
235
236
259
234
230
217
236
250
220
226
217
212
240
217
227
220
240
229
221
244
243
245
233
206
236
220
216
250
206
201
254
216
220
220
220
208
226
223
233
238
211
221
220
231
223
223
201
221
223
223
207
196
202
235
201
179
223
217
238
241
229
212
230
213
234
231
204
249
230
229
221
241
225
222
217
231
235
216
214
232
221
230
214
234
235
227
240
222
236
221
237
224
247
225
225
234
255
218
234
230
247
224
228
257
220
255
234
234
241
240
237
223
225
259
246
178
241
229
223
243
242
231
216
237
233
243
250
164
230
231
231
243
240
238
244
231
228
229
255
256
239
232
238
238
240
224
258
236
240
240
231
255
232
232
229
252
253
232
231
219
230
237
234
157
231
235
231
228
233
245
238
232
237
233
233
225
220
225
212
229
224
249
213
219
232
224
231
255
220
229
233
244
226
221
244
216
231
230
233
251
227
207
226
227
229
207
239
223
219
221
209
222
215
203
239
223
222
232
224
194
227
222
214
225
223
217
203
214
226
229
209
194
203
208
214
214
201
192
234
223
218
240
234
225
215
215
211
225
214
213
222
209
208
229
247
224
228
224
225
232
224
217
227
246
239
235
235
229
237
216
230
226
222
220
226
236
216
239
236
231
214
221
215
192
237
248
235
240
233
217
237
227
227
244
226
228
211
222
214
229
219
212
227
226
237
240
214
193
240
216
222
225
223
230
228
220
234
229
229
230
202
229
237
225
214
228
237
206
227
235
219
222
221
242
207
210
241
219
236
236
225
240
224
232
238
222
213
229
214
213
230
206
209
211
222
222
220
234
230
215
218
202
210
185
205
191
215
219
227
182
214
197
214
207
213
192
185
192
201
216
186
183
183
191
216
169
175
214
195
197
188
177
177
207
193
196
198
197
193
203
192
187
213
163
225
203
175
187
198
226
205
184
200
208
183
122
183
227
189
199
174
187
177
176
171
155
190
178
191
176
161
224
209
181
0
0
0
0
0
0
0
0
0
0
0
0
0
0
0
0
0
0
0
0
0
0
90
0
0
0
0
0
254
202
245
256
238
248
236
236
257
236
74
221
82
270
0
0
0
0
210
214
239
248
0
0
0
0
0
0
0
160
214
202
190
183
194
194
115
159
195
190
173
153
172
184
177
181
182
178
187
181
185
216
223
217
199
208
224
201
228
195
216
211
202
233
188
197
219
223
236
233
230
214
214
225
206
176
213
205
199
220
186
204
212
196
185
141
192
216
225
215
186
229
235
239
125
46
119
0
90
50
90
106
46
45
0
90
35
78
135
1
71
90
86
80
0
90
45
0
54
86
0
63
45
45
45
46
46
0
0
1
0
45
31
1
91
82
0
0
0
0
0
0
0
0
0
0
0
225
231
244
224
236
235
252
241
229
234
297
236
241
247
229
255
237
224
234
229
218
194
229
221
215
241
204
214
223
227
231
228
248
236
228
230
238
260
236
254
262
226
247
224
237
257
257
230
242
233
223
256
250
244
240
239
173
207
220
325
32
12
8
9
5
46
47
44
4
53
67
33
14
36
19
42
33
34
43
40
16
51
38
16
35
6
351
23
356
32
26
40
15
9
5
27
45
21
356
315
19
353
37
354
28
256
288
352
356
82
8
44
23
14
5
17
27
5
299
45
131
4
22
31
90
32
19
40
68
65
13
32
56
38
81
9
140
64
3
197
24
238
300
170
168
13
47
7
17
34
31
27
35
22
49
349
51
18
263
45
30
37
351
29
93
146
173
319
91
19
5
34
59
52
23
22
42
26
8
55
33
12
301
54
12
285
243
231
198
216
230
226
251
225
278
264
303
254
210
182
67
259
199
206
175
281
231
203
292
154
165
206
286
302
10
213
210
173
89
156
212
249
202
343
147
23
354
334
89
114
99
129
125
151
236
61
48
45
45
46
245
250
222
250
239
249
245
246
235
239
264
255
231
249
245
242
249
243
242
246
245
253
248
247
267
246
248
233
232
244
229
241
237
263
203
220
255
248
235
262
237
270
242
239
249
250
261
240
242
251
235
247
251
221
233
258
237
241
235
251
247
245
253
237
230
225
227
218
228
219
225
227
235
234
258
235
226
231
235
235
215
236
234
239
237
260
259
237
229
234
232
244
236
223
228
229
225
220
230
210
213
228
209
209
221
228
258
229
238
227
241
218
226
218
234
245
230
244
220
243
232
243
232
244
236
238
225
258
225
228
234
232
225
223
243
234
225
225
135
0
225
314
225
225
225
135
181
225
158
135
225
181
135
135
90
181
90
135
90
90
135
0
135
90
135
135
181
225
270
225
270
225
225
225
225
270
225
181
225
225
270
112
225
225
181
225
181
135
225
181
90
225
225
90
46
46
135
181
225
181
158
135
181
225
181
248
225
181
135
225
225
225
225
181
203
225
225
248
181
248
181
225
225
225
135
181
225
225
225
225
225
270
270
225
225
225
135
135
225
225
225
225
225
181
225
181
181
225
181
270
270
90
158
135
270
225
248
225
181
135
135
158
181
135
135
225
225
181
225
270
225
270
181
135
225
225
225
225
181
225
225
181
225
225
203
135
216
202
233
218
221
226
223
233
204
228
243
235
226
225
230
233
219
235
240
230
255
229
234
224
217
231
230
241
217
221
254
225
248
234
232
236
221
261
228
227
214
222
219
216
229
235
230
227
235
250
230
230
220
238
225
239
236
224
227
228
208
223
221
229
221
205
229
220
231
224
227
218
229
224
214
216
214
230
220
235
213
210
200
202
221
224
202
202
220
183
187
191
205
203
200
186
208
228
191
177
233
206
204
197
167
194
201
197
188
199
174
207
185
196
171
182
166
234
187
184
209
187
188
183
204
207
205
195
212
188
186
159
142
157
158
131
90
96
118
94
84
67
71
130
100
84
81
116
126
0
45
64
102
68
87
95
60
140
112
64
104
99
77
80
89
152
87
118
102
133
148
122
114
153
177
121
80
103
109
109
111
125
116
97
69
50
53
46
349
57
32
164
157
117
177
183
190
163
149
153
143
108
216
141
89
169
145
149
145
177
135
136
185
184
226
185
207
150
148
198
174
196
201
198
198
194
210
214
201
188
193
194
217
219
191
168
207
204
176
190
202
192
190
190
197
177
159
195
197
192
200
197
183
203
200
171
195
194
176
194
206
197
194
218
186
214
187
189
204
198
181
168
215
165
157
196
186
202
217
201
199
191
189
189
204
188
215
194
220
63
192
216
181
200
183
221
222
193
212
189
236
216
188
191
200
166
167
166
212
210
146
138
125
159
170
208
215
208
213
178
193
193
193
172
206
143
187
188
197
213
137
111
168
139
167
113
212
132
157
149
96
123
185
192
124
184
149
172
115
105
174
210
163
203
189
147
186
182
179
184
186
254
203
186
209
212
174
192
189
190
186
181
199
235
212
208
207
220
219
216
231
221
224
240
194
233
201
217
214
177
194
215
218
219
193
221
197
193
216
227
185
213
190
241
202
203
209
216
231
226
217
219
212
214
215
212
218
216
192
217
224
197
187
201
211
182
219
205
231
220
218
214
219
223
235
210
226
241
216
223
212
238
194
211
228
224
188
219
190
222
182
213
187
174
223
203
197
152
179
137
109
128
83
78
67
105
179
114
89
85
126
120
102
80
89
125
97
83
131
85
93
130
96
76
83
95
65
72
82
65
70
93
66
91
87
73
87
61
76
75
71
61
65
51
62
48
64
80
44
82
63
57
61
58
45
68
64
81
43
73
62
78
63
51
56
69
56
58
55
69
29
55
37
44